FIND THE ANSWER FOR EXAMPLE 2

Find the private key d given e and n
e = 8597143
n = 13039013

we know n=pq, therefore q=n/p

so, q = 13039013/p

pick a prime number p as p,q are prime

[1, 2, 3, 5, 7, 11, 13, 17, 19, 23, 29, 31, 37, 41, 43, 47, 53, 59, 61, 67, 71, 73, 79, 83, 89, 97, 101, 103, 107, 109, 113, 127, 131, 137, 139, 149, 151, 157, 163, 167, 173, 179, 181, 191, 193, 197, 199, 211, 223, 227, 229, 233, 239, 241, 251, 257, 263, 269, 271, 277, 281, 283, 293, 307, 311, 313, 317, 331, 337, 347, 349, 353, 359, 367, 373, 379, 383, 389, 397, 401, 409, 419, 421, 431, 433, 439, 443, 449, 457, 461, 463, 467, 479, 487, 491, 499, 503, 509, 521, 523, 541, 547, 557, 563, 569, 571, 577, 587, 593, 599, 601, 607, 613, 617, 619, 631, 641, 643, 647, 653, 659, 661, 673, 677, 683, 691, 701, 709, 719, 727, 733, 739, 743, 751, 757, 761, 769, 773, 787, 797, 809, 811, 821, 823, 827, 829, 839, 853, 857, 859, 863, 877, 881, 883, 887, 907, 911, 919, 929, 937, 941, 947, 953, 967, 971, 977, 983, 991, 997, 1009]

thus p = 13 as 1303913/13 = 1003001

d = e^-1 mod fi(n) = 	(p-1)(q-1)
			(13-1)(1003001-1)
			(12)(1003000)
			12036000
d = e^-1 mod 12036000
d.e = 1 mod fi(n) <==> d=e^-1 mod fi(n)
d.(8597143) = 1 mod 12036000
d=7



